0
6425
6758
8738
9758
13615
13655
16968
19033
19738
19776
21569
24427
24676
26316
26972
27701
33679
34815
39468
42380
48340
49061
87963
145999
152955
160412
240116
328965
352205
394752
462602
929809
986895
990018
1118464
1118481
1272880
1359565
1391188
1512734
1642503
1644825
1651584
1655358
1717629
1728193
1775649
1793568
1913758
1973790
2004720
2040592
2112572
2171169
2236962
2301728
2302726
2302755
2305087
2367520
2368015
2374579
2399474
2499106
2501139
2571578
2631706
2695475
2697236
2700103
2700617
2702141
2706568
2764564
2770241
2820104
2827062
2836760
2961942
3022597
3024399
3025679
3091481
3094864
3105945
3155515
3156522
3158064
3160911
3183362
3225365
3351066
3354413
3355443
3393339
3418688
3428943
3434779
3490136
3542630
3554585
3584191
3629602
3677972
3681605
3682365
3684408
3685913
3751964
3773998
3832097
3881787
3885413
3893870
3950686
3968060
4007447
4015388
4016230
4065802
4073251
4083051
4148586
4171712
4222837
4285507
4311295
4340748
4342338
4408131
4470602
4473924
4495803
4536109
4539717
4605510
4612472
4666933
4671303
4671773
4807556
4809033
4854924
4953856
4985359
5053184
5054720
5054731
5058816
5066061
5072410
5131837
5202571
5286655
5378955
5389875
5395026
5459435
5526612
5666134
5862272
5918280
5991734
6052945
6059135
6164237
6184542
6247213
6291544
6327168
6331592
6381914
6381921
6510384
6518429
6645086
6645094
6649740
6687291
6699455
6702131
6702352
6710886
6834797
6908265
6967599
7110051
7224647
7237230
7248466
7353344
7377829
7434609
7508919
7542806
7551546
7556390
7566195
7678208
7679232
7680768
7681024
7682048
7686400
7686912
7697781
7763302
8000018
8026746
8033996
8060972
8079449
8163038
8263442
8327953
8355711
8391449
8399890
8406579
8408320
8421504
8440772
8445674
8447488
8487025
8505220
8550167
8750469
8916559
8947848
8948792
9087945
9163744
9211020
9404166
9408399
9539985
9542833
9682745
9718290
9868678
9868950
10066329
10167040
10167474
10197647
10242335
10255717
10340289
10426903
10506258
10592406
10592673
10790054
10921638
11053224
11057133
11112295
11130098
11184810
11190117
11250586
11453035
11584112
11710882
11711154
11720246
11720952
11770767
11781233
11836942
11841150
11898395
11982810
12000284
12039862
12042450
12105912
12372094
12517551
12700809
12763315
12895428
13029267
13155550
13163437
13224123
13229526
13407549
13419959
13420474
13484259
13494192
13538264
13615592
13620648
13746411
13749671
13942770
13946817
14144197
14144428
14148092
14209512
14275263
14538696
14539184
14734784
14735550
14741200
14867147
14933972
14934482
14951168
14999213
15000299
15014691
15022389
15037299
15062700
15086900
15094016
15196111
15214341
15261896
15263452
15264723
15328982
15394272
15526109
15526111
15592411
15656370
15658734
15690752
15754290
15786702
15789540
15790320
15921852
15921906
16027569
16052712
16056407
16064048
16088855
16119285
16250871
16308697
16311482
16391736
16557154
16575614
16728450
16733986
16740096
16741158
16742950
16746278
16747109
16749632
16750080
16750592
16752972
16757286
16760320
16760658
16762880
16763432
16763913
16765952
16766008
16766314
16767344
16768902
16770461
16773286
16774560
16777215
436602368
437326080
438512703
439885588
440093029
441199131
441260800
442905727
443894016
451074763
451800027
452260328
452764770
452968274
452984831
609045837
655966782
656616511
657273366
660829853
661421475
666683518
667805616
671078768
671080326
671088639
856032768
856756480
856756497
857223704
857551774
857943103
858408257
858466343
858532890
858729497
858798927
859315988
859519803
859645463
860111940
860133819
860174125
860177733
860445572
860629531
860691200
860692736
860840587
861027891
861097451
861295871
861690961
861690972
861885229
862076287
862148400
862348902
862862663
863203947
863664762
863850275
864585864
864835622
864925824
865356306
865871792
865893733
866144274
868514559
868862139
869387687
870379216
870571988
871164127
871230427
871559922
871690728
872195170
872415231
1076046911
1090519039
1216522952
1219862890
1291845632
1292174597
1292240384
1292832527
1292964096
1293236820
1293431320
1294082594
1294150719
1294225282
1294545735
1294615873
1294738992
1294740506
1294937113
1294940496
1295003696
1295006543
1295200045
1295201075
1295335768
1295429823
1295527997
1295530040
1295658816
1295727419
1295731045
1295853079
1295855912
1295928683
1295994218
1296017344
1296187970
1296316234
1296319556
1296341435
1296381741
1296385349
1296653188
1296845900
1296898816
1296900352
1296904448
1296977469
1297109072
1297235507
1297305067
1297438037
1297898577
1297898588
1298092845
1298131758
1298283903
1298356016
1298359132
1298364061
1298556518
1298955683
1299070279
1299411563
1299523840
1299872378
1300057891
1300267136
1300332657
1300793480
1301043238
1301056384
1301071341
1301133440
1301433013
1301563922
1301714310
1302101349
1302351890
1303556514
1303828442
1304148906
1304608947
1304722175
1305069755
1305265591
1305595303
1305989829
1306384328
1306712779
1306779604
1306780114
1307041743
1307239904
1307371743
1307438043
1307504366
1307767538
1307898344
1308402786
1308576652
1308586790
1308604747
1308606290
1308611946
1308612976
1308614534
1308622847
1513110351
1524883412
1545508592
1560281087
1711276032
1711670784
1713316624
1713581119
1713655682
1714046273
1714104359
1714436943
1714631475
1714766168
1715089216
1715157819
1715283479
1715287582
1715749956
1715771835
1716276300
1716665907
1716868437
1716933887
1717328977
1717523245
1717714303
1717786416
1717789532
1718500679
1719302778
1719488291
1720223880
1720473638
1720486784
1720501741
1720994322
1721144710
1721782290
1724152575
1724500155
1724896680
1725420229
1726210004
1728053247
1932540751
1944313812
2147483648
2147878400
2148141581
2148214779
2149069336
2149713445
2149720610
2149788735
2150377008
2150644559
2150839091
2150973784
2151067839
2151296832
2151365435
2151493928
2151655360
2151825986
2151957572
2152023365
2152291204
2152292681
2152483916
2152615485
2153076053
2153141503
2153536593
2153769774
2153921919
2153997148
2154708295
2154984050
2155040038
2155510394
2155695907
2155711462
2155839359
2155905152
2156431496
2156681254
2156694400
2156771456
2157352326
2157739365
2159194530
2159483932
2160246963
2160360191
2160707771
2161627845
2162417620
2162506037
2163123456
2163405554
2163536360
2164002331
2164214668
2164260863
2370396489
2371253590
2566914048
2567571981
2567645179
2568240148
2568499736
2568569406
2569143845
2569151010
2570269491
2570404184
2570486556
2571387972
2571453765
2571721604
2571723081
2572571903
2572580182
2573200174
2573352319
2574138695
2575126307
2575861896
2576111654
2576201856
2576782726
2579790591
2580408240
2581058245
2582553856
2582835954
2583432731
2583691263
2787649562
2789826889
2790683990
2801593470
3003121664
3003473869
3003779597
3003852795
3004447764
3004777022
3005351461
3005358626
3006477107
3006694172
3007595588
3008779519
3009559935
3010231715
3010346311
3012069512
3015998207
3016615856
3018761472
3019640347
3019887978
3019898879
3226034505
3226891606
3227511598
3258727484
3422763904
3425648640
3427223837
3427361097
3428218198
3428990335
3431500856
3432785840
3435428607
3641313805
3641387003
3642885669
3642892834
3644011315
3645464905
3646322006
3647094143
3653532415
3657174555
3866316070
3942645760
4043309055
4278401920
4278542285
4280495167
4282532418
4287393810
4288423856
4288578070
4292338172
4294761984
4294921100
4294960384
4294967295
